5.5419e-05 0.00012164 0.00010376 2.0331e-05 8.413e-06 0.00011568 9.7801e-05 0.00010376 3.225e-05 -9.4646e-06 5.6087e-05 5.0127e-05 5.6086e-05 -9.4646e-06 -3.5055e-06 2.629e-05 2.0331e-05 2.0331e-05 2.4538e-06 1.4372e-05 3.225e-05 1.4372e-05 -3.5054e-06 -1.5424e-05 2.6291e-05 8.413e-06 2.0331e-05 -9.4646e-06 8.413e-06 -2.7342e-05 8.4131e-06 2.4537e-06 1.4372e-05 2.0331e-05 -1.5424e-05 2.629e-05 2.4537e-06 2.629e-05 1.4372e-05 2.4537e-06 3.225e-05 3.8209e-05 8.4128e-06 1.4372e-05 -9.4647e-06 3.2249e-05 2.6291e-05 2.0331e-05 2.629e-05 1.4372e-05
2.9562e-05 0.00037454 0.00036327 6.5318e-05 4.148e-05 0.00032157 0.00015471 0.00025601 8.3195e-05 -0.00013133 4.744e-05 8.3194e-05 0.00020238 -0.00012538 -4.7906e-05 -2.3359e-07 3.5521e-05 8.9154e-05 1.1685e-05 0.00010107 6.5316e-05 5.3399e-05 -3.003e-05 -0.00011346 0.00013683 2.3602e-05 0.00011895 -6.5785e-05 1.1685e-05 -0.00017305 2.9562e-05 -1.8111e-05 8.3194e-05 0.00011299 -0.00011346 0.00013087 -2.407e-05 0.00013087 8.3194e-05 -6.1929e-06 0.00017854 0.00019046 1.7644e-05 6.5317e-05 -7.1743e-05 0.00017854 0.00014279 8.9153e-05 0.00016066 0.00010107
-4.7907e-06 0.00079374 0.00075137 0.00016207 0.00012035 0.00066265 9.6515e-05 0.00039448 0.00012631 -0.00045769 1.9047e-05 7.268e-05 0.00041832 -0.00046962 -0.00012993 -2.2668e-05 9.6518e-05 0.00022166 4.8842e-05 0.00024551 0.00015015 0.00013823 -6.4381e-05 -0.00032063 0.00031701 6.672e-05 0.0002753 -0.00017761 3.0965e-05 -0.00060666 7.864e-05 -4.0545e-05 0.00020973 0.00026338 -0.00031466 0.00029913 -6.4382e-05 0.0003051 0.00020974 -4.7906e-06 0.00039449 0.00041234 3.6924e-05 0.00016803 -0.00018357 0.00038851 0.00032892 0.00020378 0.00035871 0.00025146
0.00098129 0.0018454 0.0016904 0.00052771 0.00018871 0.0016249 0.0010647 0.0013627 0.00064161 -0.00044297 0.00045688 0.00054625 0.0008621 -0.00043701 -6.7538e-05 9.3359e-05 0.00020658 0.00031385 0.00010528 0.0002483 0.00022446 0.00021254 9.9307e-06 -0.00032379 0.00030193 0.00011124 0.00029001 -0.00015097 6.9525e-05 -0.00084223 0.00012316 9.9315e-06 0.00024829 0.00027215 -0.00034166 0.00036152 3.9728e-05 0.00037941 0.0002483 2.781e-05 0.00046878 0.00051647 0.00020063 0.00026022 -0.00015693 0.00043899 0.00042112 0.00033769 0.00038536 0.00025425
0.0016821 0.0022363 0.0022542 0.00093723 0.00037639 0.0019682 0.0017656 0.0020039 0.0011458 1.9513e-05 0.00081208 0.00096107 0.0010862 8.5064e-05 5.5269e-05 0.00018041 0.00023404 0.00027576 0.00010294 0.00013274 0.00019829 0.00018637 7.3145e-05 -0.00013543 0.00015658 8.5066e-05 0.00018041 -4.0078e-05 5.5269e-05 -0.00040358 0.0001089 6.1228e-05 0.00017445 0.00016254 -0.00017118 0.00029364 0.00017445 0.00032343 0.00018637 3.1432e-05 0.00038899 0.00046646 0.00033536 0.0002698 -3.412e-05 0.00034726 0.00036514 0.00036515 0.0002996 0.00014466
2.4654e-05 1.8695e-05 1.2736e-05 8.1793e-07 8.1792e-07 3.5907e-05 2.4655e-05 1.2736e-05 6.7771e-06 8.1792e-07 4.2533e-05 1.8696e-05 6.7771e-06 8.1792e-07 8.1793e-07 3.0614e-05 1.2736e-05 8.1793e-07 8.1793e-07 8.1792e-07 2.4655e-05 6.7772e-06 8.1792e-07 8.1792e-07 8.1794e-07 8.1793e-07 8.1793e-07 8.1793e-07 8.1793e-07 8.1793e-07 8.1793e-07 8.1793e-07 8.1792e-07 8.1793e-07 8.1793e-07 8.1793e-07 8.1793e-07 8.1794e-07 8.1793e-07 8.1792e-07 8.1793e-07 8.1793e-07 8.1793e-07 8.1792e-07 8.1792e-07 8.1792e-07 8.1792e-07 8.1793e-07 8.1792e-07 8.1794e-07
1.3671e-05 1.963e-05 1.3671e-05 1.7527e-06 1.7527e-06 3.1548e-05 7.0447e-06 1.3671e-05 1.7527e-06 -4.2065e-06 2.559e-05 1.3671e-05 7.7119e-06 -4.2065e-06 -4.2066e-06 1.963e-05 7.7118e-06 1.7527e-06 1.7527e-06 1.7527e-06 1.963e-05 7.712e-06 1.7527e-06 -4.2065e-06 1.7527e-06 1.7528e-06 1.7527e-06 -4.2066e-06 1.7527e-06 -1.0166e-05 1.7527e-06 1.7527e-06 1.7526e-06 1.7527e-06 -4.2064e-06 7.7119e-06 1.7527e-06 1.7527e-06 1.7527e-06 1.7527e-06 7.7119e-06 7.7119e-06 1.7527e-06 1.7527e-06 -4.2064e-06 7.7119e-06 7.7119e-06 1.7527e-06 1.7527e-06 1.7527e-06
5.2464e-05 0.00011802 0.00012993 4.6505e-05 1.6709e-05 0.00011802 5.8424e-05 9.3512e-05 4.6505e-05 -7.1277e-06 5.2464e-05 5.2465e-05 7.63e-05 -3.0965e-05 -1.1685e-06 2.8627e-05 3.4587e-05 3.4587e-05 1.075e-05 2.2668e-05 3.4588e-05 2.8627e-05 1.075e-05 -2.5005e-05 2.8628e-05 2.2669e-05 4.0545e-05 -1.1685e-06 1.6709e-05 -6.0761e-05 2.2668e-05 1.6709e-05 3.4587e-05 3.4586e-05 -2.5006e-05 4.6505e-05 2.2668e-05 5.2465e-05 3.4588e-05 4.7907e-06 5.8423e-05 6.4383e-05 3.4586e-05 3.4586e-05 -7.1277e-06 5.8423e-05 5.2465e-05 4.6506e-05 4.6504e-05 2.2668e-05
0.00050185 0.00054356 0.00049589 0.00019794 2.5122e-05 0.00053165 0.00060913 0.00057932 0.00031049 0.00011451 0.00032904 0.00037077 0.00027541 0.00013835 7.8755e-05 0.00013835 0.00010855 6.0878e-05 3.704e-05 -2.8511e-05 6.6836e-05 6.0877e-05 9.0673e-05 7.2797e-05 -5.2347e-05 6.6836e-05 1.9164e-05 0.00011451 9.6633e-05 7.246e-06 7.8755e-05 0.00012643 4.8959e-05 -4.6732e-06 5.4917e-05 7.8755e-05 0.00020986 9.6634e-05 4.2999e-05 4.8959e-05 0.00010855 0.00015027 0.00026349 0.00012047 8.4715e-05 8.4715e-05 0.00013239 0.00019198 3.1081e-05 -2.851e-05
0.00125 0.0014407 0.0016314 0.00085077 0.0001595 0.0013692 0.0014527 0.0016314 0.0010713 0.00025418 0.0007852 0.000964 0.00091632 0.00034422 0.0001297 0.00023101 0.00022505 0.00019525 8.7985e-05 1.0517e-05 0.00015354 0.00014162 0.00013566 4.0312e-05 -1.4017e-06 0.00011182 9.9905e-05 0.00011778 0.00010586 -0.00010867 0.00015354 0.00018929 0.00015354 6.4149e-05 -1.4023e-06 0.00036806 0.00049917 0.00042767 0.00020121 7.6067e-05 0.00052302 0.00067795 0.00076733 0.00047533 0.00014758 0.00043362 0.00052302 0.0006839 0.00036808 6.415e-05
2.8277e-05 1.6359e-05 1.0399e-05 4.4402e-06 -1.519e-06 3.4235e-05 2.8277e-05 1.6359e-05 4.4403e-06 4.4401e-06 4.5488e-05 2.2318e-05 4.4402e-06 4.4403e-06 4.4403e-06 3.4236e-05 1.6359e-05 4.4402e-06 -1.519e-06 -1.519e-06 2.8276e-05 1.0399e-05 4.4402e-06 4.4402e-06 -1.519e-06 4.4403e-06 -1.5191e-06 4.4402e-06 4.4402e-06 4.4401e-06 4.4401e-06 4.4403e-06 -1.519e-06 -1.5191e-06 4.4402e-06 -1.519e-06 4.4401e-06 -1.5189e-06 -1.519e-06 -1.519e-06 -1.519e-06 -1.519e-06 4.4402e-06 -1.519e-06 4.4403e-06 -1.519e-06 -1.519e-06 -1.519e-06 -1.5191e-06 -1.519e-06
6.6603e-05 9.6399e-05 9.6399e-05 4.2767e-05 1.297e-05 0.00010832 7.2563e-05 9.044e-05 5.4684e-05 -4.0664e-05 0.00010832 9.5732e-05 0.00010236 -2.2785e-05 7.0108e-06 0.00010236 0.00010236 9.044e-05 3.0847e-05 1.297e-05 9.0439e-05 8.4481e-05 6.0644e-05 -4.9075e-06 1.297e-05 7.8522e-05 9.0439e-05 6.6602e-05 6.0644e-05 -8.2378e-05 9.64e-05 0.00010832 0.00011428 5.4685e-05 -1.6826e-05 0.00010832 0.00010832 0.00012024 5.4685e-05 1.8929e-05 7.2563e-05 9.044e-05 9.044e-05 5.4684e-05 7.0107e-06 6.0643e-05 7.2562e-05 7.8521e-05 4.2766e-05 1.297e-05
0.00048467 7.9457e-05 3.7742e-05 6.7538e-05 -6.9524e-05 0.00015097 0.00063962 0.00037145 0.00021056 0.00046681 0.00047276 0.00052044 0.00017414 0.00060982 0.00022247 0.00035358 0.00027611 0.00015097 7.3497e-05 -0.00015891 0.00015097 0.00015692 0.00028802 0.00037741 -0.00020063 0.00013905 1.9864e-05 0.0003655 0.00015097 0.00060387 0.00019864 0.00035357 0.00013905 -6.3566e-05 0.00028802 7.3497e-05 0.0004251 0.00010329 -3.9734e-06 5.5618e-05 -6.3564e-05 -3.3768e-05 0.00028208 3.7742e-05 0.0002046 -9.3359e-05 -3.3768e-05 9.1374e-05 -0.00013508 -0.00016487
0.00056543 8.2727e-05 3.5052e-05 9.4646e-05 -7.2212e-05 0.00018403 0.00075611 0.00046412 0.00027938 0.00051774 0.00076207 0.00083359 0.00039261 0.00077333 0.00023768 0.00072036 0.00067865 0.00047008 0.00021383 -0.00017352 0.00041644 0.00044624 0.00058925 0.00056542 -0.00023907 0.00031514 0.00017212 0.0006429 0.00029726 0.00066673 0.00044623 0.00070845 0.00041049 1.7176e-05 0.00036876 0.00023767 0.00073824 0.00030918 7.6769e-05 0.00010656 -7.2212e-05 -3.6455e-05 0.00037474 6.485e-05 0.00025555 -0.00012584 -3.6455e-05 0.0001304 -0.00017352 -0.00020331
0.00047019 6.4967e-05 3.5169e-05 8.2844e-05 -6.0176e-05 0.00020203 0.00068472 0.00045828 0.00026758 0.00042847 0.0011674 0.0014177 0.0010482 0.0010303 0.00038014 0.0011972 0.0013402 0.001227 0.00064301 -4.8257e-05 0.00082775 0.00090521 0.0012389 0.0010423 -6.0177e-05 0.00042849 0.00035697 0.00077411 0.00044636 0.00058341 0.00066089 0.00097077 0.00075027 0.00020799 0.00033314 0.00049999 0.0009946 0.00065493 0.00024374 0.00013648 -2.4421e-05 1.1336e-05 0.00035698 7.6886e-05 0.00020799 -8.4012e-05 -1.8461e-05 0.00012456 -0.00012573 -0.00016148
2.8743e-05 1.6826e-05 4.9075e-06 -1.0516e-06 -1.0516e-06 3.4704e-05 2.8745e-05 1.6826e-05 4.9075e-06 4.9075e-06 5.258e-05 2.2785e-05 4.9076e-06 4.9075e-06 4.9076e-06 3.9995e-05 1.6826e-05 -1.0516e-06 -1.0516e-06 -1.0516e-06 2.8745e-05 1.0867e-05 4.9076e-06 4.9076e-06 -1.0516e-06 -1.0516e-06 -1.0517e-06 4.9075e-06 -1.0516e-06 1.0867e-05 -1.0516e-06 4.9076e-06 -1.0516e-06 -1.0516e-06 4.9075e-06 -1.0517e-06 4.9075e-06 -1.0516e-06 -1.0516e-06 -1.0516e-06 -1.0516e-06 -1.0516e-06 4.9076e-06 -1.0516e-06 4.9075e-06 -1.0516e-06 -1.0516e-06 -1.0516e-06 -1.0516e-06 -1.0516e-06
8.0507e-05 -2.9212e-06 -1.484e-05 3.038e-06 -1.484e-05 2.6875e-05 0.00010434 5.0712e-05 2.6874e-05 7.4548e-05 8.6467e-05 7.4549e-05 -2.9212e-06 9.2426e-05 3.2835e-05 6.8588e-05 2.6208e-05 -2.9211e-06 3.038e-06 -3.2718e-05 2.6875e-05 1.4956e-05 3.8793e-05 6.2631e-05 -4.4636e-05 2.0915e-05 -1.484e-05 6.2631e-05 2.0915e-05 9.2426e-05 2.0915e-05 5.0711e-05 3.0379e-06 -2.6757e-05 5.667e-05 -1.484e-05 5.667e-05 -1.4839e-05 -1.484e-05 1.4956e-05 -3.2718e-05 -3.2717e-05 3.2834e-05 -2.9214e-06 3.8792e-05 -3.8676e-05 -2.6758e-05 -2.9214e-06 -4.4636e-05 -3.2718e-05
0.00022587 -2.4422e-05 -5.4217e-05 5.3753e-06 -4.2298e-05 2.9212e-05 0.0002795 0.00013648 8.2844e-05 0.00026162 0.00027354 0.00025565 4.709e-05 0.00033312 9.4763e-05 0.00026757 0.00020203 0.00011197 8.2845e-05 -0.00011977 0.00016031 0.00014244 0.00019011 0.00022587 -0.00011977 7.6885e-05 -6.5443e-06 0.00021395 8.2843e-05 0.00035697 0.00010072 0.00019011 4.7089e-05 -5.4216e-05 0.00018415 -6.5428e-06 0.00019607 -5.8449e-07 -2.442e-05 3.5171e-05 -8.9971e-05 -8.4012e-05 0.00010072 -1.2503e-05 0.0001186 -9.5931e-05 -6.6135e-05 -5.8417e-07 -0.00011381 -0.00010189
0.00027448 -2.3486e-05 -6.5201e-05 2.4187e-05 -2.9445e-05 6.5902e-05 0.00037579 0.00018509 0.00011954 0.00028639 0.00059627 0.00052476 0.00020296 0.00038173 0.00014337 0.00085252 0.000781 0.00051284 0.00015462 -9.4996e-05 0.00067969 0.00068565 0.000489 0.00028043 -0.00014267 0.00020892 0.00010166 0.00036982 0.00014933 0.00036983 0.0002566 0.00039962 0.00017317 -2.9446e-05 0.00023275 5.3984e-05 0.0003281 4.8024e-05 -5.6078e-06 7.186e-05 -0.00010692 -0.00010692 0.00013741 -5.609e-06 0.00016125 -0.00011883 -8.3077e-05 6.3095e-06 -0.00013671 -0.00011287
0.00030742 5.118e-05 2.1383e-05 5.1179e-05 -2.6291e-05 0.00018824 0.00047429 0.00033723 0.00018228 0.00023591 0.0011953 0.0013801 0.0011477 0.00076033 0.00025379 0.0014993 0.0017555 0.0016721 0.00074245 0.00018757 0.0011953 0.0013622 0.0015112 0.00089143 3.3301e-05 0.00036702 0.00033722 0.00059943 0.00029551 0.00031339 0.0005458 0.00079608 0.00058751 0.00015249 0.00021804 0.00034915 0.00067689 0.00040872 0.00015249 0.00010481 -3.225e-05 -2.6289e-05 0.00020016 3.3301e-05 0.00013461 -7.3965e-05 -3.2248e-05 5.1179e-05 -9.7801e-05 -9.1842e-05
7.2445e-06 3.1082e-05 3.1081e-05 1.2854e-06 7.2445e-06 6.0878e-05 -1.0633e-05 1.2854e-06 1.2853e-06 -2.851e-05 0.00015027 5.4918e-05 2.5122e-05 -2.8512e-05 -4.6739e-06 0.00025753 0.00013835 4.2999e-05 1.2854e-06 1.9163e-05 0.00026282 0.00013835 7.2446e-06 -2.2551e-05 2.5123e-05 1.9163e-05 3.1082e-05 1.2852e-06 7.2444e-06 -4.0429e-05 1.9163e-05 1.3204e-05 2.5121e-05 2.5122e-05 -1.6592e-05 3.1082e-05 1.2853e-06 3.1082e-05 1.9163e-05 1.2853e-06 3.1082e-05 3.1081e-05 1.2853e-06 7.2445e-06 -1.0633e-05 3.704e-05 2.5122e-05 1.3204e-05 3.1082e-05 1.9163e-05
-0.00018392 0.00013788 0.00018555 1.8696e-05 6.6368e-05 0.00013788 -0.00028523 -9.4529e-05 -5.8774e-05 -0.00032694 0.00023919 2.4655e-05 0.0001498 -0.00035077 -0.00010049 0.00065633 0.00046563 0.0002511 2.4655e-05 0.00016172 0.0008053 0.0005186 6.7764e-06 -0.00023756 0.00021535 8.4246e-05 0.00022726 -7.6652e-05 1.2736e-05 -0.00041038 8.4245e-05 1.8695e-05 0.00017363 0.00018555 -0.00020775 0.0002094 -5.2816e-05 0.00020344 0.00013192 -1.706e-05 0.00023918 0.00023919 -5.2815e-05 7.2329e-05 -0.00013624 0.00023918 0.00017363 7.8288e-05 0.00023322 0.00016768
-0.00030404 0.0002323 0.00030381 5.9475e-05 0.00011907 0.00023229 -0.0004411 -0.0001193 -6.5668e-05 -0.00054837 0.00039319 0.00013098 0.00035744 -0.00058413 -0.0001491 0.0011321 0.001001 0.00067922 0.00010715 0.00026805 0.0013884 0.001156 0.00026737 -0.00032786 0.00034551 0.00018463 0.00039319 -8.3546e-05 5.3517e-05 -0.0007033 0.00019653 9.523e-05 0.00031573 0.00030976 -0.00033383 0.00035744 -4.1831e-05 0.00034552 0.00022634 -1.1696e-07 0.00036935 0.00037532 -5.9709e-05 0.00013695 -0.00021465 0.00036935 0.00028593 0.0001429 0.00035743 0.00026805
3.7975e-05 0.00016312 0.00016908 7.969e-05 6.1812e-05 0.00026442 8.5649e-05 0.00016908 9.1608e-05 -0.00015272 0.0010808 0.0010093 0.00090802 6.777e-05 6.7771e-05 0.0019092 0.0021356 0.0018019 0.0005147 0.00014524 0.0018317 0.0020462 0.0013907 0.00026973 0.00014524 0.00028827 0.0003419 0.00025251 0.00015716 -0.00023018 0.00035978 0.00041937 0.00038361 0.00018696 -4.5454e-05 0.00029422 0.00027038 0.00028826 0.00016312 6.1813e-05 0.00014524 0.0001512 7.969e-05 9.1609e-05 -1.5658e-05 0.00012736 0.00011545 0.00010353 0.00011544 8.5649e-05
5.4334e-05 0.00019735 0.00020927 7.8171e-05 5.4334e-05 0.00030462 0.0001318 0.00025099 0.00011989 -0.0001602 0.0012521 0.0014369 0.0014905 0.00037613 0.00014372 0.0018481 0.0023009 0.0023546 0.00092439 0.00023311 0.0017229 0.0020209 0.0019553 0.00073964 0.00072109 0.00026291 0.00035229 0.00023907 0.00016756 -0.00022574 0.00036421 0.00042977 0.00044765 0.00023311 -6.4851e-05 0.00034634 0.00031654 0.00037614 0.00019735 4.8375e-05 0.00017352 0.00018544 7.8172e-05 9.6048e-05 -4.1012e-05 0.00015564 0.00013776 0.00010797 0.0001318 9.0089e-05
-2.0448e-05 2.1266e-05 2.7225e-05 3.3886e-06 9.3478e-06 2.1266e-05 -3.8326e-05 -8.5298e-06 -2.5706e-06 -3.8326e-05 4.5102e-05 2.1266e-05 3.3184e-05 -3.8326e-05 -8.5299e-06 9.8736e-05 8.6817e-05 5.7021e-05 1.5307e-05 2.7224e-05 0.00010469 8.6817e-05 2.7225e-05 -2.0448e-05 3.3184e-05 0.00013382 9.2775e-05 -2.5709e-06 3.3886e-06 -6.2163e-05 0.00015237 6.8939e-05 3.3184e-05 2.7226e-05 -2.6408e-05 0.00014045 3.9143e-05 3.3185e-05 2.1266e-05 -2.5706e-06 8.0857e-05 6.298e-05 9.3477e-06 1.5307e-05 -1.4489e-05 5.702e-05 3.9143e-05 2.1266e-05 3.9145e-05 2.1266e-05
-0.00014781 9.6515e-05 0.00013823 1.9046e-05 4.8843e-05 7.8638e-05 -0.00022529 -7.0342e-05 -3.4588e-05 -0.00024317 4.8841e-05 1.1679e-06 0.00014419 -0.00024316 -7.0343e-05 0.00022762 0.00023358 0.00020974 4.8842e-05 0.00013227 0.00029913 0.00025145 4.2882e-05 -0.00014185 0.00017399 0.00035277 0.00033422 -8.2262e-05 -1.075e-05 -0.00032659 0.00038256 0.00016802 0.00014419 0.00012631 -0.00015973 0.00036468 2.5006e-05 0.00015015 9.0557e-05 -1.6709e-05 0.00022166 0.00019782 -2.8627e-05 5.4801e-05 -0.0001061 0.00019186 0.00013823 6.6719e-05 0.00017399 0.00012631
-0.00022318 0.00015225 0.00021184 3.9028e-05 8.67e-05 0.00012246 -0.00033641 -9.8034e-05 -5.0361e-05 -0.00037812 6.8822e-05 9.2302e-06 0.00022971 -0.00037216 -9.2076e-05 0.00033699 0.00036677 0.00033104 8.0741e-05 0.00019992 0.0004383 0.00039062 9.2659e-05 -0.0002053 0.00025356 0.00071241 0.00072434 -2.1233e-05 2.115e-05 -0.00051518 0.00073624 0.00040253 0.00032507 0.00021184 -0.00024702 0.0005992 9.2659e-05 0.00025953 0.00015225 -1.4606e-05 0.0003191 0.00028932 -3.2484e-05 9.266e-05 -0.00015763 0.0002774 0.00021184 0.00010458 0.00025356 0.00019397
6.5433e-05 4.7557e-05 4.7557e-05 4.7557e-05 2.968e-05 8.3312e-05 6.5433e-05 6.5434e-05 5.9475e-05 5.8416e-06 0.00032168 0.00026805 0.00016078 6.5434e-05 5.3517e-05 0.00052428 0.00047066 0.00030381 0.00010119 2.9679e-05 0.00044683 0.00041703 0.00026208 8.9271e-05 1.776e-05 0.0016983 0.0016804 0.00094144 0.0002793 -2.9913e-05 0.0017281 0.0015374 0.0010368 0.00027996 5.3515e-05 0.00094143 0.00070902 0.00044087 0.00017866 7.1393e-05 0.00015482 0.00011311 0.0001429 6.5434e-05 4.1597e-05 6.5435e-05 6.5434e-05 8.3312e-05 2.9679e-05 1.1802e-05
0.00012175 2.6407e-05 8.5299e-06 3.2367e-05 2.5708e-06 5.6203e-05 0.00015751 9.1958e-05 7.4081e-05 9.7915e-05 0.00030053 0.00027669 0.00012175 0.00017539 7.408e-05 0.00041375 0.00036012 0.00022306 8.5998e-05 -1.5307e-05 0.00031245 0.00030053 0.00024094 0.00015155 -3.3184e-05 0.0020287 0.0022075 0.0018618 0.00076534 0.00058591 0.0020942 0.0021956 0.0019035 0.00068787 0.00018134 0.001248 0.001254 0.0009918 0.00044951 0.00015155 0.00016347 0.00013367 0.00025882 9.1959e-05 8.6e-05 4.4285e-05 6.2163e-05 0.00010388 -9.3476e-06 -2.1265e-05
1.519e-06 1.519e-06 1.519e-06 1.519e-06 1.519e-06 1.519e-06 1.519e-06 1.519e-06 1.519e-06 1.519e-06 1.519e-06 1.519e-06 1.519e-06 1.519e-06 1.519e-06 7.4781e-06 1.519e-06 1.519e-06 1.519e-06 1.519e-06 7.4781e-06 1.519e-06 1.519e-06 1.519e-06 1.519e-06 2.5355e-05 7.4783e-06 1.519e-06 1.519e-06 1.519e-06 3.0647e-05 1.3437e-05 1.519e-06 1.519e-06 1.519e-06 4.3234e-05 1.9397e-05 1.519e-06 1.519e-06 1.519e-06 3.7275e-05 2.5356e-05 1.3437e-05 1.519e-06 1.519e-06 1.9397e-05 1.3437e-05 7.4782e-06 1.519e-06 1.519e-06
6.4148e-05 -7.3612e-06 -1.9279e-05 4.5571e-06 -7.3613e-06 4.5571e-06 8.2027e-05 4.0313e-05 2.8395e-05 6.415e-05 5.819e-05 5.8191e-05 -1.4021e-06 7.6067e-05 2.8394e-05 4.6272e-05 2.8394e-05 -1.402e-06 4.5571e-06 -3.1198e-05 1.0516e-05 1.0516e-05 3.4353e-05 5.8191e-05 -4.3117e-05 4.0312e-05 -1.4021e-06 5.8189e-05 2.8395e-05 7.0107e-05 5.2231e-05 5.1564e-05 1.0516e-05 -1.928e-05 5.223e-05 2.2435e-05 6.415e-05 -1.4021e-06 -7.3613e-06 1.0516e-05 -7.3614e-06 -7.3612e-06 4.6272e-05 4.5571e-06 4.0312e-05 -1.928e-05 -7.3612e-06 1.0516e-05 -3.7157e-05 -3.1199e-05
0.00024935 -4.8608e-05 -9.0323e-05 5.0244e-06 -4.8608e-05 -6.895e-06 0.0003149 0.00014209 8.8453e-05 0.00032086 0.00023147 0.00023147 -2.4772e-05 0.00038641 0.00011229 0.0001838 0.00010037 -6.8938e-06 1.6943e-05 -0.00012012 4.6739e-05 4.6739e-05 0.00013613 0.00023743 -0.00016183 0.00017784 7.0574e-05 0.00032086 0.00013017 0.00043408 0.00020168 0.00029703 0.00013546 -6.8947e-06 0.00019572 4.6738e-05 0.00027914 2.8861e-05 -2.4772e-05 4.0779e-05 -9.6283e-05 -9.6282e-05 0.00013613 -1.8813e-05 0.00014805 -0.00011416 -7.8403e-05 5.0242e-06 -0.00014396 -0.00012608
0.00018824 -3.2249e-05 -6.2045e-05 9.465e-06 -2.6291e-05 9.4649e-06 0.00024188 0.00010481 7.5017e-05 0.000224 0.0002955 0.00025974 3.3302e-05 0.00028954 9.8853e-05 0.00037297 0.00028359 0.00012269 4.5219e-05 -7.9923e-05 0.00024783 0.00022399 0.00020612 0.00020016 -0.00010972 0.00043854 0.00035509 0.00034914 0.00011077 0.00027167 0.00048024 0.00049812 0.00025975 1.4756e-05 0.00018824 0.00020612 0.00031338 6.9057e-05 -2.454e-06 4.522e-05 -5.0127e-05 -6.2046e-05 0.00011673 -2.4537e-06 0.00011673 -7.9923e-05 -5.6086e-05 9.4647e-06 -9.7801e-05 -8.5883e-05
0.00043315 -0.0001151 -0.00018661 1.0049e-05 -8.5299e-05 -1.9749e-05 0.00058809 0.00024246 0.00015903 0.00054637 0.00055234 0.00052849 1.6007e-05 0.00070133 0.00021862 0.00058214 0.00042124 0.00014711 7.56e-05 -0.0002164 0.00029609 0.00029013 0.00038549 0.00046891 -0.00029387 0.001333 0.0013091 0.0015833 0.00067151 0.00077879 0.0014879 0.0017859 0.0013628 0.00036165 0.00059933 0.00076688 0.0012257 0.00067749 0.00025438 0.00017095 -0.00013297 -0.00014489 0.00033184 4.0893e-06 0.00027822 -0.00022235 -0.00014489 1.6008e-05 -0.00027003 -0.00022833
4.7908e-06 4.7907e-06 -1.1685e-06 -1.1685e-06 -1.1685e-06 4.7907e-06 4.7907e-06 4.7907e-06 -1.1685e-06 -1.1685e-06 4.7907e-06 4.7906e-06 4.7907e-06 -1.1685e-06 -1.1685e-06 4.7907e-06 4.7906e-06 4.7908e-06 -1.1685e-06 -1.1685e-06 4.7907e-06 4.7908e-06 4.7908e-06 -1.1685e-06 -1.1685e-06 2.2669e-05 4.7907e-06 4.7907e-06 -1.1685e-06 -1.1685e-06 2.8628e-05 1.075e-05 4.7907e-06 -1.1685e-06 -1.1685e-06 3.9878e-05 1.6709e-05 4.7907e-06 4.7908e-06 -1.1685e-06 3.4586e-05 2.2669e-05 1.6709e-05 4.7907e-06 -1.1685e-06 2.2668e-05 1.6709e-05 1.075e-05 4.7908e-06 -1.1685e-06
2.9679e-05 7.7353e-05 7.7352e-05 3.5639e-05 1.1802e-05 7.7353e-05 2.9678e-05 5.9475e-05 4.1598e-05 -5.971e-05 5.3516e-05 5.9476e-05 7.7354e-05 -4.779e-05 -1.1686e-07 6.5435e-05 7.1395e-05 6.5434e-05 2.372e-05 1.7761e-05 6.5435e-05 6.5435e-05 4.1597e-05 -1.7994e-05 1.7761e-05 9.523e-05 0.00010715 6.5434e-05 5.9476e-05 -0.00010738 0.00011311 0.00011311 0.00012503 5.9476e-05 -2.9914e-05 0.0001429 0.00011244 0.00013099 6.5435e-05 1.7761e-05 0.00010715 0.00011907 0.00010119 6.5435e-05 -1.1688e-07 8.927e-05 9.5231e-05 9.5231e-05 5.3517e-05 1.7761e-05
0.00041061 1.7293e-05 -2.4421e-05 3.5171e-05 -7.2095e-05 7.0927e-05 0.00054767 0.00027951 0.00016627 0.00043444 0.00034504 0.00035696 2.3253e-05 0.00054171 0.00013648 0.00023183 0.00013648 5.376e-06 1.1334e-05 -0.00016148 5.9009e-05 5.9009e-05 0.00017223 0.00030334 -0.00020916 0.00023778 0.00013052 0.00045231 0.00020799 0.00059534 0.00029142 0.0004404 0.00023778 -1.2502e-05 0.00028545 0.00016032 0.00050594 0.00018944 3.5171e-05 0.00012456 -5.835e-07 3.5171e-05 0.00033909 6.4967e-05 0.00021395 -4.8257e-05 2.3253e-05 0.00014244 -0.00011381 -0.00015552
0.00050455 -3.7742e-05 -9.7335e-05 3.3769e-05 -9.1374e-05 5.7606e-05 0.0006714 0.00033768 0.00021254 0.00055818 0.00051647 0.00052839 3.9729e-05 0.00070717 0.00020659 0.00044495 0.00030193 6.9526e-05 4.5687e-05 -0.00022844 0.00017083 0.00017083 0.00030789 0.00044495 -0.0003059 0.00052838 0.00038536 0.00083827 0.0003794 0.00075484 0.00064756 0.00089784 0.00055818 5.7606e-05 0.00042113 0.00034364 0.00085018 0.00036748 0.00010461 0.00013508 -4.3702e-05 -1.9856e-06 0.00045091 8.7401e-05 0.00029597 -0.00010329 -1.9865e-06 0.00017083 -0.00018672 -0.00022844
0.00047767 -8.2495e-05 -0.00014805 1.8812e-05 -9.4413e-05 1.2852e-05 0.00065049 0.00029294 0.00018567 0.00056705 0.00054919 0.00055514 4.8608e-05 0.00073987 0.00020951 0.00050747 0.0003704 0.00012608 7.2445e-05 -0.00022553 0.00022143 0.00022142 0.00035848 0.00047768 -0.00029703 0.0011689 0.0011093 0.0016814 0.00095441 0.00090673 0.0013775 0.0017529 0.0014729 0.00053726 0.00051939 0.00090672 0.0015324 0.0010617 0.00046575 0.00035187 -1.6944e-05 9.3556e-07 0.0005015 9.6282e-05 0.00029889 -0.00012421 -3.482e-05 0.00014992 -0.00020168 -0.00022552
1.1684e-07 1.1683e-07 1.1685e-07 1.1685e-07 1.1685e-07 1.1684e-07 6.076e-06 1.1685e-07 1.1685e-07 1.1684e-07 6.076e-06 6.0761e-06 1.1684e-07 1.1686e-07 1.1685e-07 6.076e-06 6.0761e-06 1.1685e-07 1.1685e-07 1.1685e-07 6.0761e-06 6.0761e-06 1.1685e-07 1.1685e-07 1.1685e-07 1.7994e-05 6.0761e-06 1.1684e-07 1.1685e-07 1.1685e-07 2.3954e-05 1.2035e-05 1.1685e-07 1.1684e-07 1.1685e-07 3.5871e-05 1.7994e-05 6.0761e-06 1.1684e-07 1.1685e-07 3.5205e-05 2.3953e-05 1.7994e-05 6.076e-06 1.1685e-07 1.7994e-05 1.7994e-05 1.2035e-05 1.1683e-07 1.1685e-07
-4.0897e-06 1.8695e-06 1.8695e-06 1.8695e-06 1.8696e-06 1.8696e-06 -4.0896e-06 1.8696e-06 1.8695e-06 -4.0897e-06 1.8695e-06 1.8696e-06 1.8695e-06 -4.0897e-06 -4.0896e-06 1.8696e-06 1.8695e-06 1.8695e-06 1.8696e-06 1.8696e-06 1.8695e-06 1.8695e-06 1.8695e-06 -4.0896e-06 1.8695e-06 1.3788e-05 7.8288e-06 -4.0897e-06 1.8697e-06 -1.0049e-05 1.9747e-05 7.8287e-06 1.8695e-06 1.8696e-06 -4.0897e-06 3.1666e-05 7.8287e-06 7.8288e-06 1.8696e-06 1.8695e-06 3.1665e-05 1.908e-05 1.3788e-05 7.8288e-06 -4.0897e-06 1.9747e-05 1.3788e-05 7.8288e-06 7.8287e-06 1.8696e-06
8.6467e-06 3.8443e-05 4.4402e-05 1.4606e-05 8.6466e-06 3.8442e-05 2.6875e-06 2.0565e-05 1.4606e-05 -3.3069e-05 1.4606e-05 1.4606e-05 3.2484e-05 -2.7108e-05 -3.2718e-06 8.6466e-06 1.4606e-05 2.0565e-05 8.6467e-06 2.0565e-05 2.0565e-05 2.0565e-05 2.6874e-06 -1.519e-05 2.0565e-05 2.6524e-05 3.2483e-05 2.6874e-06 1.4606e-05 -4.4985e-05 3.2484e-05 2.6523e-05 3.2484e-05 2.6524e-05 -2.1149e-05 8.6117e-05 5.6321e-05 7.4197e-05 3.2483e-05 8.6466e-06 0.00012783 0.00014571 0.00010333 6.228e-05 4.4401e-05 0.00011591 0.00012187 0.00010995 6.8238e-05 2.0565e-05
0.00034388 0.00023066 0.00020086 0.00011147 -1.7528e-06 0.00025449 0.00046307 0.00036176 0.00020682 0.00014723 0.00024853 0.00028429 0.00012935 0.00020086 8.1677e-05 0.00011147 6.9757e-05 1.0166e-05 1.6125e-05 -6.7303e-05 2.8043e-05 2.8043e-05 8.1676e-05 0.00011147 -9.1141e-05 6.9758e-05 -7.7119e-06 0.00014723 9.9554e-05 0.00011743 9.3594e-05 0.00015319 3.9961e-05 -3.1549e-05 9.9553e-05 0.00014723 0.00030813 0.00015319 5.1879e-05 5.7838e-05 0.00027237 0.00038559 0.00046307 0.00020019 0.00015319 0.00020682 0.00030812 0.0003558 5.7838e-05 -4.9425e-05
0.00051413 0.00037707 0.00038302 0.00021617 7.5949e-06 0.00041282 0.00071079 0.00061543 0.00036515 0.00020425 0.00037706 0.00044857 0.00026384 0.00028172 0.00010294 0.00015658 0.0001089 3.7391e-05 3.1432e-05 -7.5835e-05 5.5269e-05 4.931e-05 0.0001089 0.00012678 -0.00011159 0.00016849 7.3146e-05 0.0002698 0.00015657 0.00014466 0.00024 0.00031747 0.00019233 2.5473e-05 0.00012082 0.00070483 0.0010028 0.00076442 0.0003294 0.00013274 0.0013186 0.0016225 0.0017477 0.00099682 0.00038236 0.0012292 0.0014736 0.0016642 0.00072865 6.7187e-05
1.4723e-05 3.2601e-05 3.2601e-05 8.7634e-06 2.8044e-06 2.664e-05 1.4723e-05 2.0682e-05 8.7635e-06 -9.114e-06 8.7635e-06 1.4723e-05 2.0682e-05 -3.1549e-06 -3.1548e-06 2.8043e-06 8.7636e-06 1.4723e-05 2.8043e-06 1.4723e-05 8.7635e-06 8.7634e-06 2.8043e-06 -9.1141e-06 2.0682e-05 2.0682e-05 2.0682e-05 -3.1548e-06 8.7635e-06 -1.5073e-05 2.664e-05 1.4723e-05 1.4723e-05 1.4723e-05 -9.114e-06 7.4316e-05 5.0478e-05 5.6436e-05 2.0682e-05 2.8043e-06 0.00012199 0.0001637 0.00011603 5.0478e-05 2.8043e-06 7.9606e-05 0.00011007 9.2193e-05 3.8559e-05 1.4723e-05
2.1383e-05 0.00014057 0.00015844 3.9261e-05 2.7342e-05 0.00011673 2.7342e-05 6.9056e-05 3.3301e-05 -6.8006e-05 9.4644e-06 2.1383e-05 9.8852e-05 -5.6087e-05 -2.6291e-05 -8.4131e-06 2.1383e-05 5.7138e-05 9.4648e-06 6.9057e-05 3.33e-05 3.3301e-05 -1.4373e-05 -6.2045e-05 9.2893e-05 2.1383e-05 8.0975e-05 -3.8209e-05 9.4646e-06 -8.5881e-05 2.7343e-05 -2.4538e-06 5.7137e-05 6.9057e-05 -7.3964e-05 0.00017036 8.6934e-05 0.00017036 7.5016e-05 -8.4129e-06 0.00029551 0.0004266 0.00024783 0.00013461 -2.6291e-05 0.00020612 0.000271 0.000224 0.00014653 6.9056e-05
-2.594e-05 0.00028989 0.00031969 9.3243e-05 7.5365e-05 0.00024818 -2.594e-05 0.00011708 5.7488e-05 -0.00025239 -8.0626e-06 1.5774e-05 0.00021243 -0.00024643 -6.7655e-05 -1.9981e-05 5.7488e-05 0.00013496 3.3652e-05 0.00015284 8.7283e-05 8.7285e-05 -3.19e-05 -0.00018088 0.00019455 5.1529e-05 0.00017071 -0.00010341 2.7692e-05 -0.00034178 6.3447e-05 -8.0628e-06 0.00013496 0.0001588 -0.00019876 0.00031374 0.00010516 0.0003197 0.00016475 -2.1032e-06 0.00052827 0.00070704 0.00035544 0.00023627 -9.1491e-05 0.00040908 0.00050442 0.00039053 0.00029585 0.00015284
9.4529e-05 0.00048189 0.00051168 0.00018988 0.00010645 0.00045208 0.000172 0.0003627 0.00019584 -0.00034644 0.00010049 0.00015412 0.00035079 -0.00034646 -4.8492e-05 3.4937e-05 0.00011241 0.000172 5.8774e-05 0.00016008 0.00013028 0.00013028 5.1411e-06 -0.00021535 0.00018392 0.00012433 0.00021967 -5.4451e-05 8.2611e-05 -0.00057886 0.00016008 9.453e-05 0.00022563 0.00019584 -0.00022727 0.00066065 0.00050571 0.00066065 0.00032099 5.8775e-05 0.0012923 0.0016141 0.0012149 0.00067853 2.3019e-05 0.0011612 0.0013698 0.001197 0.00058252 0.00020179
0.00021932 0.00033851 0.00035638 0.00015973 4.6506e-05 0.00033851 0.00033851 0.00038021 0.00021336 -6.6718e-05 0.00017165 0.00021932 0.00024316 -3.6923e-05 1.075e-05 6.4383e-05 8.2259e-05 8.822e-05 3.4587e-05 4.6505e-05 7.6301e-05 7.0341e-05 2.8627e-05 -4.8842e-05 4.6505e-05 0.00012993 0.00013589 7.6301e-05 7.6302e-05 -0.00017398 0.00018953 0.00018357 0.00018953 0.00010014 -5.48e-05 0.00087484 0.00092846 0.00085696 0.00038023 9.4178e-05 0.0018998 0.0022454 0.0020428 0.0010953 0.00026103 0.0018641 0.0021441 0.002025 0.00087482 0.00033187